1 65
1 66
1 67
1 1535
1 1536
1 79
1 80
1 92
1 93
1 94
1 95
1 96
1 97
1 98
1 99
1 1533
1 1534
2 65
2 66
2 67
2 1533
2 1534
2 79
2 80
2 92
2 93
2 94
2 95
2 96
2 97
2 98
2 99
2 1535
2 1536
3 69
3 70
3 71
3 68
4 68
4 70
4 71
4 69
5 92
5 93
5 94
5 95
5 96
5 97
5 98
5 99
5 100
5 101
5 102
5 103
5 89
5 90
5 91
5 104
5 105
5 106
5 107
5 108
5 109
5 110
5 111
5 202
5 203
5 204
5 223
5 224
5 1533
5 1534
5 1535
5 1536
6 104
6 105
6 106
6 107
6 207
6 92
6 93
6 94
6 95
6 96
6 97
6 98
6 99
6 205
6 206
7 104
7 105
7 106
7 107
7 206
7 92
7 93
7 94
7 95
7 96
7 97
7 98
7 99
7 205
7 207
8 104
8 105
8 106
8 107
8 205
8 92
8 93
8 94
8 95
8 96
8 97
8 98
8 99
8 206
8 207
9 137
9 138
9 139
9 140
9 129
9 130
9 148
9 149
10 100
10 101
10 102
10 103
10 202
10 92
10 93
10 94
10 95
10 96
10 97
10 98
10 99
10 203
10 204
11 100
11 101
11 102
11 103
11 203
11 92
11 93
11 94
11 95
11 96
11 97
11 98
11 99
11 202
11 204
12 100
12 101
12 102
12 103
12 204
12 92
12 93
12 94
12 95
12 96
12 97
12 98
12 99
12 202
12 203
13 227
13 228
13 229
13 230
13 225
13 226
13 231
14 324
14 325
14 326
14 327
14 328
14 329
14 330
14 331
14 337
14 310
14 311
14 312
14 316
14 317
14 318
14 332
14 333
14 334
14 335
14 336
15 324
15 325
15 326
15 327
15 328
15 329
15 330
15 331
15 336
15 310
15 311
15 312
15 316
15 317
15 318
15 332
15 333
15 334
15 335
15 337
16 324
16 325
16 326
16 327
16 328
16 329
16 330
16 331
16 335
16 310
16 311
16 312
16 316
16 317
16 318
16 332
16 333
16 334
16 336
16 337
17 324
17 325
17 326
17 327
17 328
17 329
17 330
17 331
17 334
17 310
17 311
17 312
17 316
17 317
17 318
17 332
17 333
17 335
17 336
17 337
18 324
18 325
18 326
18 327
18 328
18 329
18 330
18 331
18 333
18 310
18 311
18 312
18 316
18 317
18 318
18 332
18 334
18 335
18 336
18 337
19 324
19 325
19 326
19 327
19 328
19 329
19 330
19 331
19 332
19 310
19 311
19 312
19 316
19 317
19 318
19 333
19 334
19 335
19 336
19 337
20 338
20 339
20 340
20 368
20 369
20 370
20 371
20 372
20 373
20 374
20 464
20 465
21 370
21 371
21 572
21 573
21 574
21 338
21 339
21 340
21 569
21 570
21 571
21 706
22 631
22 632
22 633
22 1274
22 1275
22 1276
22 588
22 589
22 605
22 606
22 629
22 630
22 955
22 956
22 957
22 958
22 959
22 960
22 961
23 660
23 661
23 664
23 665
23 627
23 628
23 645
23 646
24 698
24 699
24 1289
24 1290
24 979
24 980
24 1294
24 1295
24 1296
25 572
25 573
25 574
25 706
25 370
25 371
25 569
25 570
25 571
26 900
26 901
26 902
26 903
26 1387
26 1388
26 1389
26 421
26 422
26 888
26 889
26 890
26 891
26 892
26 893
26 894
26 895
26 896
26 897
26 898
26 899
26 1434
26 1435
27 620
27 621
27 955
27 956
27 957
27 958
27 959
27 960
27 961
27 265
27 266
27 267
27 268
27 618
27 619
27 622
27 623
27 631
27 632
27 633
27 636
27 637
27 656
27 657
27 662
27 663
28 618
28 619
28 955
28 956
28 957
28 958
28 959
28 960
28 961
28 265
28 266
28 267
28 268
28 620
28 621
28 622
28 623
28 631
28 632
28 633
28 636
28 637
28 654
28 655
28 662
28 663
29 1126
29 1127
29 1134
29 1135
29 612
29 613
29 1128
29 1129
29 1130
30 1167
30 1168
30 1169
30 1170
30 1171
30 1154
30 1155
30 1156
30 1172
30 1173
30 1174
30 1177
30 1178
31 1169
31 1170
31 1171
31 1172
31 1173
31 1174
31 967
31 968
31 969
31 970
31 971
31 972
31 973
31 974
31 975
31 976
31 977
31 978
31 1154
31 1155
31 1156
31 1167
31 1168
31 1175
31 1176
32 1172
32 1173
32 1174
32 1175
32 1176
32 967
32 968
32 969
32 970
32 971
32 972
32 973
32 974
32 975
32 976
32 977
32 978
32 1169
32 1170
32 1171
32 1182
32 1183
33 1195
33 1196
33 1197
33 1198
33 1199
33 1200
33 1161
33 1162
33 1201
33 1202
33 1212
33 1213
33 1260
33 1261
34 1198
34 1199
34 1200
34 1201
34 1202
34 1161
34 1162
34 1195
34 1196
34 1197
34 1216
34 1217
34 1218
35 1203
35 1204
35 1205
35 1206
35 1207
35 967
35 968
35 969
35 970
35 971
35 972
35 973
35 974
35 975
35 976
35 977
35 978
35 1208
35 1209
35 1277
35 1278
35 1279
36 1205
36 1206
36 1207
36 1208
36 1209
36 967
36 968
36 969
36 970
36 971
36 972
36 973
36 974
36 975
36 976
36 977
36 978
36 1203
36 1204
36 1374
36 1375
36 1376
37 1214
37 1215
37 1216
37 1217
37 1218
37 1165
37 1166
37 1201
37 1202
37 1219
37 1220
38 1216
38 1217
38 1218
38 1219
38 1220
38 1191
38 1192
38 1201
38 1202
38 1214
38 1215
39 1243
39 1244
39 1262
39 1263
39 1264
39 967
39 968
39 969
39 970
39 971
39 972
39 973
39 974
39 975
39 976
39 977
39 978
39 1236
39 1237
39 1265
39 1266
39 1267
40 1245
40 1246
40 1247
40 1248
40 1234
40 1235
40 1249
40 1250
40 1251
41 1247
41 1248
41 1249
41 1250
41 1251
41 1245
41 1246
41 1252
41 1253
41 1254
41 1255
42 1249
42 1250
42 1251
42 1252
42 1253
42 1241
42 1242
42 1247
42 1248
42 1254
42 1255
43 1139
43 1140
43 1141
43 1258
43 1259
43 1136
43 1137
43 1138
43 1179
43 1180
43 1181
43 1394
43 1395
44 1195
44 1196
44 1197
44 1260
44 1261
44 962
44 963
44 964
44 965
44 966
44 1198
44 1199
44 1200
44 1212
44 1213
45 1262
45 1263
45 1264
45 1265
45 1266
45 1267
45 1236
45 1237
45 1238
45 1239
45 1240
45 1243
45 1244
45 1268
45 1269
46 1265
46 1266
46 1267
46 1268
46 1269
46 1238
46 1239
46 1240
46 1241
46 1242
46 1262
46 1263
46 1264
47 488
47 489
47 490
47 1327
47 1328
47 1329
47 486
47 487
47 491
47 492
47 1318
47 1319
47 1320
47 1324
47 1325
47 1326
48 843
48 844
48 845
48 1455
48 846
48 847
48 848
48 1426
48 1427
48 1428
49 1459
49 1460
49 1461
49 1462
49 1463
49 1485
49 1486
49 1487
49 1488
49 1489
49 1490
49 1491
49 208
49 209
49 210
49 211
49 212
49 213
49 214
49 215
49 216
49 1464
49 1465
49 1466
49 1467
49 1468
49 1469
49 1470
49 1471
49 1472
49 1473
49 1474
49 1475
49 1476
49 1477
49 1478
49 1479
49 1480
49 1481
49 1482
49 1483
49 1484
49 1510
49 1511
49 1512
49 1513
49 1514
49 1515
50 1459
50 1460
50 1461
50 1462
50 1463
50 1478
50 1479
50 1480
50 1481
50 1482
50 1483
50 1484
50 208
50 209
50 210
50 211
50 212
50 213
50 214
50 215
50 216
50 1464
50 1465
50 1466
50 1467
50 1468
50 1469
50 1470
50 1471
50 1472
50 1473
50 1474
50 1475
50 1476
50 1477
50 1485
50 1486
50 1487
50 1488
50 1489
50 1490
50 1491
50 1504
50 1505
50 1506
50 1507
50 1508
50 1509
51 1459
51 1460
51 1461
51 1462
51 1463
51 1471
51 1472
51 1473
51 1474
51 1475
51 1476
51 1477
51 208
51 209
51 210
51 211
51 212
51 213
51 214
51 215
51 216
51 1464
51 1465
51 1466
51 1467
51 1468
51 1469
51 1470
51 1478
51 1479
51 1480
51 1481
51 1482
51 1483
51 1484
51 1485
51 1486
51 1487
51 1488
51 1489
51 1490
51 1491
51 1498
51 1499
51 1500
51 1501
51 1502
51 1503
52 1459
52 1460
52 1461
52 1462
52 1463
52 1464
52 1465
52 1466
52 1467
52 1468
52 1469
52 1470
52 208
52 209
52 210
52 211
52 212
52 213
52 214
52 215
52 216
52 1471
52 1472
52 1473
52 1474
52 1475
52 1476
52 1477
52 1478
52 1479
52 1480
52 1481
52 1482
52 1483
52 1484
52 1485
52 1486
52 1487
52 1488
52 1489
52 1490
52 1491
52 1492
52 1493
52 1494
52 1495
52 1496
52 1497