1 65
1 66
1 67
1 1535
1 1536
2 65
2 66
2 67
2 1533
2 1534
3 69
3 70
3 71
4 68
4 70
4 71
5 92
5 93
5 94
5 95
5 96
5 97
5 98
5 99
5 100
5 101
5 102
5 103
6 104
6 105
6 106
6 107
6 207
7 104
7 105
7 106
7 107
7 206
8 104
8 105
8 106
8 107
8 205
9 137
9 138
9 139
9 140
10 100
10 101
10 102
10 103
10 202
11 100
11 101
11 102
11 103
11 203
12 100
12 101
12 102
12 103
12 204
13 227
13 228
13 229
13 230
14 324
14 325
14 326
14 327
14 328
14 329
14 330
14 331
14 337
15 324
15 325
15 326
15 327
15 328
15 329
15 330
15 331
15 336
16 324
16 325
16 326
16 327
16 328
16 329
16 330
16 331
16 335
17 324
17 325
17 326
17 327
17 328
17 329
17 330
17 331
17 334
18 324
18 325
18 326
18 327
18 328
18 329
18 330
18 331
18 333
19 324
19 325
19 326
19 327
19 328
19 329
19 330
19 331
19 332
20 338
20 339
20 340
20 368
20 369
21 370
21 371
21 572
21 573
21 574
22 631
22 632
22 633
22 1274
22 1275
22 1276
23 660
23 661
23 664
23 665
24 698
24 699
24 1289
24 1290
25 572
25 573
25 574
25 706
26 900
26 901
26 902
26 903
26 1387
26 1388
26 1389
27 620
27 621
27 955
27 956
27 957
27 958
27 959
27 960
27 961
28 618
28 619
28 955
28 956
28 957
28 958
28 959
28 960
28 961
29 1126
29 1127
29 1134
29 1135
30 1167
30 1168
30 1169
30 1170
30 1171
31 1169
31 1170
31 1171
31 1172
31 1173
31 1174
32 1172
32 1173
32 1174
32 1175
32 1176
33 1195
33 1196
33 1197
33 1198
33 1199
33 1200
34 1198
34 1199
34 1200
34 1201
34 1202
35 1203
35 1204
35 1205
35 1206
35 1207
36 1205
36 1206
36 1207
36 1208
36 1209
37 1214
37 1215
37 1216
37 1217
37 1218
38 1216
38 1217
38 1218
38 1219
38 1220
39 1243
39 1244
39 1262
39 1263
39 1264
40 1245
40 1246
40 1247
40 1248
41 1247
41 1248
41 1249
41 1250
41 1251
42 1249
42 1250
42 1251
42 1252
42 1253
43 1139
43 1140
43 1141
43 1258
43 1259
44 1195
44 1196
44 1197
44 1260
44 1261
45 1262
45 1263
45 1264
45 1265
45 1266
45 1267
46 1265
46 1266
46 1267
46 1268
46 1269
47 488
47 489
47 490
47 1327
47 1328
47 1329
48 843
48 844
48 845
48 1455
49 1459
49 1460
49 1461
49 1462
49 1463
49 1485
49 1486
49 1487
49 1488
49 1489
49 1490
49 1491
50 1459
50 1460
50 1461
50 1462
50 1463
50 1478
50 1479
50 1480
50 1481
50 1482
50 1483
50 1484
51 1459
51 1460
51 1461
51 1462
51 1463
51 1471
51 1472
51 1473
51 1474
51 1475
51 1476
51 1477
52 1459
52 1460
52 1461
52 1462
52 1463
52 1464
52 1465
52 1466
52 1467
52 1468
52 1469
52 1470