1 263
1 264
1 265
1 266
1 267
1 268
1 269
2 270
2 271
2 272
2 273
2 274
2 275
2 276
2 277
2 278
2 279
3 280
3 281
3 282
3 283
3 284
3 285
4 288
4 289
4 290
4 291
4 292
4 293
5 297
5 298
5 299
5 300
5 301
5 302
6 303
6 304
6 305
6 306
6 307
6 308
7 309
7 310
7 311
7 312
7 313
7 314
7 315
7 316
8 317
8 318
8 319
8 320
8 321
8 322
9 323
9 324
9 325
9 326
9 327
9 328
10 333
10 334
10 335
10 336
10 337
10 338
10 339
10 340
11 341
11 342
11 343
11 344
11 345
11 346
11 347
11 348
12 371
12 372
12 373
12 374
12 375
12 376
12 377
13 408
13 409
13 410
13 411
13 412
13 413
14 423
14 424
14 425
14 426
14 427
14 428
14 429
15 439
15 440
15 441
15 442
15 443
15 444
15 445
15 446
15 447
16 452
16 453
16 454
16 455
16 456
16 457
16 458
16 459
17 460
17 461
17 462
17 463
17 464
17 465
17 466
17 467
18 468
18 469
18 470
18 471
18 472
18 473
18 474
19 488
19 489
19 490
19 491
19 492
19 493
19 494
19 495
20 496
20 497
20 498
20 499
20 500
20 501
20 502
21 504
21 505
21 506
21 507
21 508
21 509
22 510
22 511
22 512
22 513
22 514
22 515
22 516
22 517
23 521
23 522
23 523
23 524
23 525
23 526
23 527
23 528
23 529
24 530
24 531
24 532
24 533
24 534
24 535
24 536
25 546
25 547
25 548
25 549
25 550
25 551
25 552
26 560
26 561
26 562
26 563
26 564
26 565
27 569
27 570
27 571
27 572
27 573
28 578
28 579
28 580
28 581
28 582
29 583
29 584
29 585
29 586
29 587
29 588
29 589
29 590
29 591
29 592
29 593
29 594
29 595
30 596
30 597
30 598
30 599
30 600
30 601
30 602
30 603
30 604
31 605
31 606
31 607
31 608
31 609
32 618
32 619
32 620
32 621
32 622
32 623
32 624
32 625
32 626
32 627
32 628
32 629
33 630
33 631
33 632
33 633
33 634
33 635
33 636
34 637
34 638
34 639
34 640
34 641
34 642
35 643
35 644
35 645
35 646
35 647
35 648
36 649
36 650
36 651
36 652
36 653
36 654
36 655
36 656
36 657
36 658
37 667
37 668
37 669
37 670
37 671
37 672
37 673
37 674
37 675
37 676
38 677
38 678
38 679
38 680
38 681
39 682
39 683
39 684
39 685
39 686
39 687
39 688
39 689
39 690
40 693
40 694
40 695
40 696
40 697
40 698
40 699
40 700
40 701
41 702
41 703
41 704
41 705
41 706
42 715
42 716
42 717
42 718
42 719
42 720
43 721
43 722
43 723
43 724
43 725
43 726
43 727
43 728
44 729
44 730
44 731
44 732
44 733
44 734
45 735
45 736
45 737
45 738
45 739
45 740
45 741
46 746
46 747
46 748
46 749
46 750
46 751
46 752
46 753
46 754
47 755
47 756
47 757
47 758
48 759
48 760
48 761
48 762
48 763
48 764
49 765
49 766
49 767
49 768
49 769
49 770
50 771
50 772
50 773
50 774
50 775
50 776
50 777
51 778
51 779
51 780
51 781
51 782
51 783
51 784
52 785
52 786
52 787
52 788
52 789
52 790
52 791
53 1078
53 1079
53 1080
53 1081
53 1082
54 1599
54 1600
54 1601
54 1602
54 1603
54 1604
54 1605
54 1606
54 1607
54 1608
54 1609
54 1610
55 1620
55 1621
55 1622
55 1623
55 1624
55 1625
55 1626
55 1627
55 1628
55 1629
55 1630
56 1683
56 1684
56 1685
56 1686
56 1687
56 1688
56 1689
56 1690
56 1691
56 1692
56 1693
57 1777
57 1778
57 1779
57 1780
57 1781
57 1782
57 1783
57 1784
57 1785
57 1786
58 1832
58 1833
58 1834
58 1835
58 1836
58 1837
59 1860
59 1861
59 1862
59 1863
59 1864
59 1865
59 1866
59 1867
59 1868
59 1869
59 1870
59 1871
59 1872
59 1873
59 1874
60 1912
60 1913
60 1914
60 1915
60 1916
60 1917
60 1918
60 1919
61 1950
61 1951
61 1952
61 1953
61 1954
61 1955
61 1956
61 1957
61 1958
61 1959
61 1960
62 1978
62 1979
62 1980
62 1981
62 1982
62 1983
62 1984
62 1985
62 1986
63 2027
63 2028
63 2029
63 2030
63 2031
63 2032
63 2033
63 2034
63 2035
64 2057
64 2058
64 2059
64 2060
64 2061
64 2062
64 2063
64 2064
64 2065
64 2066
64 2067
64 2068
65 2085
65 2086
65 2087
65 2088
65 2089
65 2090
65 2091
65 2092
65 2093
65 2094
65 2095
66 2245
66 2246
66 2247
66 2248
66 2249
66 2250
66 2251
66 2252
66 2253
66 2254
66 2255
66 2256
66 2257
67 2258
67 2259
67 2260
67 2261
67 2262
67 2263
67 2264
67 2265
68 2304
68 2305
68 2306
68 2307
68 2308
68 2309
68 2310
68 2311
68 2312
68 2313
68 2314
68 2315
68 2316
69 2427
69 2428
69 2429
69 2928
69 2929
69 2930
69 2931
70 2436
70 2437
70 2438
70 2439
70 2440
70 2441
71 2464
71 2465
71 2466
71 2467
71 2468
71 2469
71 2470
72 2477
72 2478
72 2479
72 2480
73 2493
73 2494
73 2495
73 2496
73 2497
73 2498
74 2623
74 2624
74 2625
74 2626
74 2627
74 2628
74 2629
74 2630
74 2631
74 2632
75 2696
75 2697
75 2698
75 2699
75 2700
76 2739
76 3559
76 3560
76 3561
77 2761
77 2762
77 3782
77 3783
78 2765
78 2766
78 2767
78 2768
78 2769
78 2770
78 2771
78 2772
79 2778
79 2779
79 2780
79 2781
80 2789
80 2790
80 2791
80 2792
81 2837
81 2839
81 2840
81 2841
82 2924
82 2925
82 2926
82 2927
82 2928
82 2929
82 2930
82 2931
83 2950
83 2951
83 2952
83 2953
83 2954
83 2955
84 3174
84 3175
84 3176
84 3177
84 3178
84 3179
84 3180
84 3181
85 3200
85 3201
85 3202
85 3203
85 3204
85 3205
85 3206
85 3207
85 3208
85 3209
86 3306
86 3307
86 3308
86 3309
86 3310
86 3311
86 3312
86 3313
86 3314
86 3315
87 3418
87 3420
87 3421
87 3422
88 3419
88 3423
88 3424
88 3425
89 3495
89 3496
89 3497
89 3498
89 3499
89 3500
89 3501
89 3502
89 3503
90 3568
90 3569
90 3570
90 3571
90 3572
90 3573
90 3574
91 3585
91 3586
91 3587
91 3588
91 3589
91 3590
91 3591
91 3592
91 3593
91 3594
92 3616
92 3617
92 3618
92 3619
93 3677
93 3678
93 3679
93 3680
94 3706
94 3707
94 3708
94 3709
94 3710
94 3711
94 3712
94 3713
94 3714
95 3784
95 3785
95 3786
95 3787
95 3788
95 3789
95 3790
95 3791
95 3792
96 3838
96 3839
96 3840
96 3841
96 3842
96 3843
97 3864
97 3865
97 3866
97 3867
97 3868
97 3869
97 3870
97 3871
97 3872
97 3873
97 3874
97 3875
97 3876
97 3877
98 4075
98 4076
98 4077
98 4078
98 4079
98 4080
98 4081
98 4082
99 4139
99 4140
99 4141
99 4142
100 4151
100 4152
100 4153
100 4154
100 4155
100 4156
100 4157
101 4162
101 4163
101 4164
101 4165
102 4194
102 4195
102 4196
102 4197
103 4221
103 4222
103 4223
103 4224
103 4225
103 4226
103 4227
103 4228
103 4229
103 4230
104 4274
104 4275
104 4276
104 4277
104 4278
105 4286
105 4287
105 4288
105 4289
105 4290
106 4309
106 4310
106 4311
106 4312
106 4313
106 4314
106 4315
106 4316
106 4317
106 4318
106 4319
107 4322
107 4323
107 4324
107 4325
107 4326
108 4348
108 4349
108 4350
108 4351
109 4376
109 4377
109 4378
109 4379
109 4380
110 4386
110 4387
110 4388
110 4389
110 4390
111 4435
111 4436
111 4437
111 4438
111 4439
112 4512
112 4513
112 4514
112 4515
112 4516
113 4523
113 4524
113 4525
113 4526
114 4536
114 4537
114 4538
114 4539
115 4553
115 4554
115 4555
116 4560
116 4561
116 4562
116 4563
117 4573
117 4574
117 4575
117 4576
118 4577
118 4578
118 4579
119 4580
119 4581
119 4582
119 4583
119 4584
119 4585
119 4586
119 4587
120 4694
120 4695
120 4696
120 4697
120 4698
120 4699
121 4768
121 4769
121 4770
121 4771
122 4772
122 4773
122 4774
122 4775
123 4785
123 4786
123 4787
123 4788
124 4806
124 4807
124 4808
124 4809
124 4810
124 4811
124 4812
124 4813
124 4814
124 4815
124 4816
124 4817
124 4818
125 4829
125 4830
125 4831
125 4832
125 4833
126 4859
126 4860
126 4861
126 4862
126 4863
126 4864
126 4865
126 4866
127 4913
127 4914
127 4915
127 4916
128 4928
128 4929
128 4930
128 4931
128 4932
129 4933
129 4934
129 4935
129 4936
130 4978
130 4979
130 4980
130 4981
131 5039
131 5040
131 5041
131 5042
131 5043
131 5044
131 5045
132 5057
132 5058
132 5059
132 5060
133 5073
133 5074
133 5075
134 5091
134 5092
134 5093
134 5094
134 5095
134 5096
135 5214
135 5215
135 5216
135 5217
136 5218
136 5219
136 5220
136 5221
136 5222
136 5223
136 5224
136 5225
136 5226
137 5258
137 5259
137 5260
137 5261
138 5294
138 5295
138 5296
138 5297
138 5298
138 5299
139 5320
139 5321
139 5322
139 5323
139 5324
139 5325
139 5326
140 5335
140 5336
140 5337
140 5338
140 5339
140 5340
140 5341
141 5372
141 5373
141 5374
141 5375
141 5376
141 5377
141 5378
141 5379
142 5430
142 5431
142 5432
142 5433
142 5434
142 5435
142 5436
142 5437
143 5458
143 5459
143 5460
143 5461
143 5462
143 5468
143 5469
143 5470
143 5471
144 5485
144 5486
144 5487
144 5488
144 5489
144 5490
144 5491
144 5492
144 5493
144 5494
144 5495
144 5496
144 5497
145 5506
145 5507
145 5508
146 5630
146 5631
146 5632
146 5633
146 5634
146 5635
146 5636
146 5637
146 5638
146 5639
147 5641
147 5642
147 5643
147 5644
147 5645
147 5646
147 5647
147 5648
147 5649
147 5650
147 5651
147 5652
148 5675
148 5676
148 5677
148 5678
148 5679
148 5680
148 5681
148 5682
148 5683
149 5691
149 5692
149 5693
149 5694
150 5812
150 5813
150 5814
150 5815
150 5816
150 5817
150 5818
150 5819
150 5820
150 5821
151 5855
151 5856
151 5857
151 5858
151 5859
151 5860
151 5861
151 5862
152 5867
152 5868
152 5869
152 5870
152 5871
152 5872
152 5873
152 5874
153 5892
153 5893
153 5894
154 5902
154 5903
154 5904
154 5905
154 5906
154 5907
154 5908
154 5909
154 5910
155 5914
155 5915
155 5916
155 5917
155 5918
155 5919
155 5920
155 5921
155 5922
155 5923