1 834
1 835
1 836
1 837
1 838
1 839
1 877
1 812
1 813
1 814
1 815
1 873
1 874
1 875
1 876
1 878
2 834
2 835
2 836
2 837
2 838
2 839
2 878
2 812
2 813
2 814
2 815
2 873
2 874
2 875
2 876
2 877
3 875
3 876
3 882
3 834
3 835
3 836
3 837
3 838
3 839
4 72
4 73
4 74
4 75
4 76
4 77
4 78
4 86
4 87
4 88
4 89
4 90
4 65
4 66
4 67
4 68
4 69
4 70
4 71
4 79
4 80
4 81
4 82
4 83
4 84
4 85
4 103
4 104
4 105
4 106
4 122
4 123
4 124
4 437
4 438
4 504
4 505
4 795
5 150
5 151
5 152
5 153
5 154
5 155
5 170
5 171
5 172
5 173
5 176
5 177
5 178
5 179
5 180
5 181
5 182
5 183
5 184
5 185
5 186
5 187
5 188
5 189
6 179
6 180
6 181
6 182
6 183
6 184
6 185
6 186
6 187
6 188
6 189
6 117
6 118
6 119
6 150
6 151
6 152
6 153
6 154
6 155
6 162
6 163
6 164
6 165
6 166
6 167
6 168
6 169
6 170
6 171
6 172
6 173
6 174
6 175
6 203
6 204
6 205
6 212
6 213
6 214
6 215
6 216
6 217
6 218
7 285
7 286
7 287
7 298
7 278
7 279
7 280
7 281
7 282
7 283
7 284
7 288
7 289
7 290
7 291
8 383
8 384
8 385
8 386
8 387
8 388
8 389
8 390
8 381
8 382
8 391
8 392
8 393
8 394
8 395
8 396
8 397
8 787
8 789
8 790
9 383
9 384
9 385
9 386
9 789
9 790
9 381
9 382
9 387
9 388
9 389
9 390
9 391
9 392
9 393
9 394
9 395
9 396
9 397
10 391
10 392
10 393
10 394
10 789
10 790
10 379
10 380
10 383
10 384
10 385
10 386
10 387
10 388
10 389
10 390
10 788
11 387
11 388
11 389
11 390
11 391
11 392
11 393
11 394
11 379
11 380
11 383
11 384
11 385
11 386
11 395
11 396
11 397
11 787
11 788
11 789
11 790
12 387
12 388
12 389
12 390
12 395
12 396
12 397
12 377
12 378
12 383
12 384
12 385
12 386
12 391
12 392
12 393
12 394
12 787
13 604
13 605
13 606
13 747
13 748
13 718
13 719
13 720
13 722
13 723
13 724
13 725
13 726
13 727
13 774
14 685
14 686
14 687
14 688
14 689
14 690
14 691
14 683
14 684
14 692
14 693
14 694
14 695
14 696
14 697
14 698
14 699
14 700
15 604
15 605
15 606
15 718
15 719
15 720
15 715
15 716
15 717
15 721
15 722
15 723
15 724
15 725
15 726
15 727
15 747
15 748
16 65
16 66
16 67
16 72
16 73
16 74
16 75
16 76
16 77
16 78
16 68
16 69
16 70
16 71
16 79
16 80
16 81
16 82
16 83
16 86
16 87
16 88
16 89
16 90
16 122
16 123
16 124
16 504
16 505
16 793
16 795
17 68
17 69
17 70
17 71
17 72
17 73
17 74
17 75
17 76
17 77
17 78
17 65
17 66
17 67
17 79
17 80
17 84
17 85
17 86
17 87
17 88
17 89
17 90
17 91
17 92
17 93
17 122
17 123
17 124
17 504
17 505
17 794
17 795
18 72
18 73
18 74
18 75
18 76
18 77
18 78
18 79
18 80
18 65
18 66
18 67
18 68
18 69
18 70
18 71
18 86
18 87
18 88
18 89
18 90
18 117
18 118
18 119
18 122
18 123
18 124
18 504
18 505
18 795
19 81
19 82
19 83
19 86
19 87
19 88
19 89
19 90
19 65
19 66
19 67
19 72
19 73
19 74
19 75
19 76
19 77
19 78
19 84
19 85
19 94
19 95
19 103
19 104
19 105
19 106
19 437
19 438
20 84
20 85
20 86
20 87
20 88
20 89
20 90
20 68
20 69
20 70
20 71
20 72
20 73
20 74
20 75
20 76
20 77
20 78
20 81
20 82
20 83
20 103
20 104
20 105
20 106
20 437
20 438
21 96
21 97
21 98
21 99
21 100
21 101
21 102
21 91
21 92
21 93
21 94
21 95
21 103
21 104
21 105
21 106
21 107
21 108
21 796
22 96
22 97
22 103
22 104
22 105
22 106
22 86
22 87
22 88
22 89
22 90
22 98
22 99
22 100
22 101
22 102
22 129
22 130
22 131
22 132
22 797
23 125
23 126
23 127
23 128
23 129
23 130
23 131
23 132
23 103
23 104
23 105
23 106
23 107
23 108
23 122
23 123
23 124
23 133
23 134
23 139
23 140
23 141
23 142
23 148
23 149
24 135
24 136
24 137
24 138
24 139
24 140
24 141
24 142
24 129
24 130
24 131
24 132
24 133
24 134
24 143
24 144
24 775
24 799
24 800
25 156
25 157
25 158
25 159
25 160
25 161
25 262
25 263
25 264
25 265
25 275
25 276
25 277
25 278
25 279
25 280
25 281
25 282
25 283
25 284
25 308
25 309
25 310
26 194
26 195
26 196
26 197
26 198
26 199
26 200
26 201
26 202
26 190
26 191
26 192
26 193
26 203
26 204
26 205
26 206
26 207
26 208
26 223
26 224
26 225
26 238
26 239
26 271
26 272
26 273
26 274
26 802
27 199
27 200
27 201
27 202
27 203
27 204
27 205
27 185
27 186
27 187
27 188
27 189
27 194
27 195
27 196
27 197
27 198
27 238
27 239
27 271
27 272
27 273
27 274
27 294
27 295
27 296
27 297
28 240
28 241
28 242
28 243
28 244
28 245
28 246
28 247
28 236
28 237
28 238
28 239
28 251
28 252
28 486
28 487
28 806
28 807
29 248
29 249
29 250
29 251
29 252
29 230
29 231
29 232
29 233
29 243
29 244
29 245
29 246
29 247
29 780
30 266
30 267
30 268
30 269
30 270
30 271
30 272
30 273
30 274
30 199
30 200
30 201
30 202
30 206
30 207
30 208
30 258
30 259
30 260
30 261
30 275
30 276
30 277
30 288
30 289
30 290
30 291
30 308
30 309
30 310
30 784
31 294
31 295
31 296
31 297
31 308
31 309
31 310
31 160
31 161
31 203
31 204
31 205
31 271
31 272
31 273
31 274
31 614
31 615
31 616
31 617
31 618
31 619
32 299
32 300
32 333
32 334
32 335
32 336
32 337
32 301
32 302
32 303
32 304
32 356
32 357
32 358
32 359
32 360
32 361
32 362
32 363
32 364
32 365
32 366
32 367
32 368
32 369
33 301
33 302
33 303
33 304
33 341
33 342
33 343
33 344
33 345
33 299
33 300
33 305
33 306
33 307
33 326
33 327
33 328
33 329
33 330
33 331
33 332
33 338
33 339
33 340
33 349
33 350
33 351
33 778
34 305
34 306
34 307
34 323
34 324
34 325
34 122
34 123
34 124
34 301
34 302
34 303
34 304
34 317
34 318
34 319
34 326
34 327
34 328
34 329
34 330
35 374
35 375
35 376
35 653
35 654
35 362
35 363
35 364
35 365
35 370
35 371
35 650
35 651
35 652
36 377
36 378
36 395
36 396
36 397
36 383
36 384
36 385
36 386
36 387
36 388
36 389
36 390
36 398
36 399
36 400
36 401
37 428
37 429
37 430
37 431
37 432
37 433
37 434
37 435
37 436
37 437
37 438
37 86
37 87
37 88
37 89
37 90
37 422
37 423
37 424
37 425
37 426
37 427
37 439
37 440
37 441
37 504
37 505
37 506
37 507
37 544
37 545
37 546
37 547
37 548
37 809
38 428
38 429
38 430
38 431
38 432
38 433
38 434
38 435
38 436
38 504
38 505
38 72
38 73
38 74
38 75
38 76
38 77
38 78
38 422
38 423
38 424
38 425
38 426
38 427
38 437
38 438
38 439
38 440
38 441
38 506
38 507
38 544
38 545
38 546
38 547
38 548
38 809
39 481
39 482
39 483
39 484
39 485
39 486
39 487
39 243
39 244
39 245
39 246
39 247
39 478
39 479
39 480
39 488
39 489
39 490
39 491
39 492
39 499
39 500
39 501
39 502
39 503
40 381
40 382
40 526
40 527
40 528
40 383
40 384
40 385
40 386
40 520
40 521
40 522
40 523
40 524
40 525
41 601
41 602
41 603
41 660
41 661
41 662
41 663
41 664
41 620
41 621
41 622
41 623
41 627
41 628
41 629
41 630
41 631
41 632
41 633
41 634
41 635
41 636
41 637
41 655
41 656
41 657
41 658
41 659
42 611
42 612
42 613
42 620
42 621
42 622
42 623
42 624
42 625
42 626
42 647
42 648
42 649
42 655
42 656
42 657
42 660
42 661
42 662
42 663
42 664
42 791
42 792
43 635
43 636
43 637
43 768
43 769
43 770
43 633
43 634
43 660
43 661
43 662
43 663
43 664
43 764
43 765
43 766
43 767
43 771
43 772
44 253
44 254
44 255
44 638
44 639
44 288
44 289
44 290
44 291
44 644
44 645
44 646
44 665
44 666
44 667
44 668
44 669
44 670
44 671
44 672
45 640
45 641
45 665
45 666
45 667
45 668
45 669
45 670
45 671
45 672
45 253
45 254
45 255
45 288
45 289
45 290
45 291
45 292
45 293
45 624
45 625
45 626
45 627
45 628
45 629
45 630
45 631
45 632
45 642
45 643
45 673
45 674
45 675
46 391
46 392
46 393
46 394
46 788
46 379
46 380
46 387
46 388
46 389
46 390
46 789
46 790
47 72
47 73
47 74
47 75
47 76
47 77
47 78
47 795
47 65
47 66
47 67
47 68
47 69
47 70
47 71
47 79
47 80
47 86
47 87
47 88
47 89
47 90
47 122
47 123
47 124
47 504
47 505
48 240
48 241
48 242
48 806
48 236
48 237
48 243
48 244
48 245
48 246
48 247
49 243
49 244
49 245
49 246
49 247
49 807
49 238
49 239
49 240
49 241
49 242
49 251
49 252
49 486
49 487
50 542
50 543
50 811
50 540
50 541
51 139
51 140
51 141
51 142
51 800
51 129
51 130
51 131
51 132
51 135
51 136
51 137
51 138
51 775
52 65
52 66
52 67
52 793
52 72
52 73
52 74
52 75
52 76
52 77
52 78
52 81
52 82
52 83
53 428
53 429
53 430
53 431
53 432
53 433
53 434
53 435
53 436
53 809
53 422
53 423
53 424
53 425
53 426
53 427
53 437
53 438
53 439
53 440
53 441
53 504
53 505
53 506
53 507
53 544
53 545
53 546
53 547
53 548
54 98
54 99
54 100
54 101
54 102
54 796
54 91
54 92
54 93
54 94
54 95
54 96
54 97
54 107
54 108
55 135
55 136
55 137
55 138
55 799
55 133
55 134
55 139
55 140
55 141
55 142
55 143
55 144
56 212
56 213
56 214
56 215
56 803
56 162
56 163
56 164
56 165
56 166
56 167
56 168
56 169
56 179
56 180
56 181
56 182
56 183
56 184
56 216
56 217
56 218
57 465
57 466
57 467
57 810
57 555
57 556
57 557
57 586
57 587
58 103
58 104
58 105
58 106
58 797
58 86
58 87
58 88
58 89
58 90
58 96
58 97
58 129
58 130
58 131
58 132
59 120
59 121
59 798
59 111
59 112
59 113
59 114
59 115
59 116
60 174
60 175
60 801
60 185
60 186
60 187
60 188
60 189
61 230
61 231
61 232
61 233
61 805
61 226
61 227
61 228
61 229
61 234
61 235
61 248
61 249
61 250
62 194
62 195
62 196
62 197
62 198
62 802
62 190
62 191
62 192
62 193
62 199
62 200
62 201
62 202
62 206
62 207
62 208
62 223
62 224
62 225
63 226
63 227
63 228
63 229
63 804
63 219
63 220
63 223
63 224
63 225
63 230
63 231
63 232
63 233
64 258
64 259
64 260
64 261
64 808
64 256
64 257
64 262
64 263
64 264
64 265
64 266
64 267
64 268
64 269
64 270
