1 834
1 835
1 836
1 837
1 838
1 839
1 877
2 834
2 835
2 836
2 837
2 838
2 839
2 878
3 875
3 876
3 882
4 72
4 73
4 74
4 75
4 76
4 77
4 78
4 86
4 87
4 88
4 89
4 90
5 150
5 151
5 152
5 153
5 154
5 155
6 179
6 180
6 181
6 182
6 183
6 184
6 185
6 186
6 187
6 188
6 189
7 285
7 286
7 287
7 298
8 383
8 384
8 385
8 386
8 387
8 388
8 389
8 390
9 383
9 384
9 385
9 386
9 789
9 790
10 391
10 392
10 393
10 394
10 789
10 790
11 387
11 388
11 389
11 390
11 391
11 392
11 393
11 394
12 387
12 388
12 389
12 390
12 395
12 396
12 397
13 604
13 605
13 606
13 747
13 748
14 685
14 686
14 687
14 688
14 689
14 690
14 691
15 604
15 605
15 606
15 718
15 719
15 720
16 65
16 66
16 67
16 72
16 73
16 74
16 75
16 76
16 77
16 78
17 68
17 69
17 70
17 71
17 72
17 73
17 74
17 75
17 76
17 77
17 78
18 72
18 73
18 74
18 75
18 76
18 77
18 78
18 79
18 80
19 81
19 82
19 83
19 86
19 87
19 88
19 89
19 90
20 84
20 85
20 86
20 87
20 88
20 89
20 90
21 96
21 97
21 98
21 99
21 100
21 101
21 102
22 96
22 97
22 103
22 104
22 105
22 106
23 125
23 126
23 127
23 128
23 129
23 130
23 131
23 132
24 135
24 136
24 137
24 138
24 139
24 140
24 141
24 142
25 156
25 157
25 158
25 159
25 160
25 161
26 194
26 195
26 196
26 197
26 198
26 199
26 200
26 201
26 202
27 199
27 200
27 201
27 202
27 203
27 204
27 205
28 240
28 241
28 242
28 243
28 244
28 245
28 246
28 247
29 248
29 249
29 250
29 251
29 252
30 266
30 267
30 268
30 269
30 270
30 271
30 272
30 273
30 274
31 294
31 295
31 296
31 297
31 308
31 309
31 310
32 299
32 300
32 333
32 334
32 335
32 336
32 337
33 301
33 302
33 303
33 304
33 341
33 342
33 343
33 344
33 345
34 305
34 306
34 307
34 323
34 324
34 325
35 374
35 375
35 376
35 653
35 654
36 377
36 378
36 395
36 396
36 397
37 428
37 429
37 430
37 431
37 432
37 433
37 434
37 435
37 436
37 437
37 438
38 428
38 429
38 430
38 431
38 432
38 433
38 434
38 435
38 436
38 504
38 505
39 481
39 482
39 483
39 484
39 485
39 486
39 487
40 381
40 382
40 526
40 527
40 528
41 601
41 602
41 603
41 660
41 661
41 662
41 663
41 664
42 611
42 612
42 613
42 620
42 621
42 622
42 623
43 635
43 636
43 637
43 768
43 769
43 770
44 253
44 254
44 255
44 638
44 639
45 640
45 641
45 665
45 666
45 667
45 668
45 669
45 670
45 671
45 672
46 391
46 392
46 393
46 394
46 788
47 72
47 73
47 74
47 75
47 76
47 77
47 78
47 795
48 240
48 241
48 242
48 806
49 243
49 244
49 245
49 246
49 247
49 807
50 542
50 543
50 811
51 139
51 140
51 141
51 142
51 800
52 65
52 66
52 67
52 793
53 428
53 429
53 430
53 431
53 432
53 433
53 434
53 435
53 436
53 809
54 98
54 99
54 100
54 101
54 102
54 796
55 135
55 136
55 137
55 138
55 799
56 212
56 213
56 214
56 215
56 803
57 465
57 466
57 467
57 810
58 103
58 104
58 105
58 106
58 797
59 120
59 121
59 798
60 174
60 175
60 801
61 230
61 231
61 232
61 233
61 805
62 194
62 195
62 196
62 197
62 198
62 802
63 226
63 227
63 228
63 229
63 804
64 258
64 259
64 260
64 261
64 808
