1 118
1 119
1 120
1 121
1 122
1 123
1 124
1 125
1 126
1 127
1 128
1 129
1 182
1 183
2 161
2 162
2 163
2 164
2 165
2 166
2 167
2 168
2 169
2 170
2 171
2 172
2 173
2 174
2 175
2 264
2 265
2 266
3 55
3 56
3 57
3 58
3 176
3 177
3 178
4 44
4 45
4 46
4 47
4 48
4 49
4 50
4 51
4 52
4 53
4 159
4 160
5 111
5 112
5 404
5 405
5 406
5 407
5 408
5 409
6 152
6 153
6 154
6 155
6 156
6 157
6 158
6 234
6 235
7 181
7 315
7 316
7 317
7 318
7 319
7 320
7 321
7 322
7 323
7 324
7 325
7 326
7 327
7 328
7 329
8 76
8 77
8 372
8 373
8 374
8 375
8 376
8 377
8 378
8 379
8 380
8 381
8 382
8 383
8 384
8 385
9 268
9 269
9 270
9 271
9 272
9 273
9 274
9 369
10 80
10 81
10 82
10 83
10 84
10 85
10 86
10 87
10 386
10 387