1 80
1 81
1 82
1 83
2 89
2 90
2 91
2 94
2 95
3 34
3 35
3 36
3 100
3 101
3 102
4 107
4 108
4 109
4 111
4 112
5 49
5 50
5 51
5 52
5 130
5 131
5 132
5 133
6 130
6 131
6 132
6 133
6 136
6 137
7 67
7 68
7 69
7 70
7 71
7 140
7 141
8 64
8 65
8 66
8 142
8 143
9 46
9 47
9 48
9 155
9 156
10 58
10 59
10 60
10 61
10 62
10 63
10 149
10 150
10 151
10 152
11 49
11 50
11 51
11 52
11 136
11 137
12 128
12 129
12 165
12 166
12 167
12 168
13 126
13 127
13 169
13 170
14 40
14 41
14 42
14 43
14 44
14 45
14 163
14 164